p cnf 128 225
1 2 3 4 0
18 19 20 21 0
35 36 37 38 0
52 53 54 55 0
290 291 292 293 0
307 308 309 310 0
324 325 326 327 0
341 342 343 344 0
579 580 581 582 0
596 597 598 599 0
613 614 615 616 0
630 631 632 633 0
868 869 870 871 0
885 886 887 888 0
902 903 904 905 0
919 920 921 922 0
-1 -18 0
-1 -35 0
-1 -52 0
-2 -19 0
-2 -36 0
-2 -53 0
-3 -20 0
-3 -37 0
-3 -54 0
-4 -21 0
-4 -38 0
-4 -55 0
-18 -35 0
-18 -52 0
-19 -36 0
-19 -53 0
-20 -37 0
-20 -54 0
-21 -38 0
-21 -55 0
-35 -52 0
-36 -53 0
-37 -54 0
-38 -55 0
-290 -307 0
-290 -324 0
-290 -341 0
-291 -308 0
-291 -325 0
-291 -342 0
-292 -309 0
-292 -326 0
-292 -343 0
-293 -310 0
-293 -327 0
-293 -344 0
-307 -324 0
-307 -341 0
-308 -325 0
-308 -342 0
-309 -326 0
-309 -343 0
-310 -327 0
-310 -344 0
-324 -341 0
-325 -342 0
-326 -343 0
-327 -344 0
-579 -596 0
-579 -613 0
-579 -630 0
-580 -597 0
-580 -614 0
-580 -631 0
-581 -598 0
-581 -615 0
-581 -632 0
-582 -599 0
-582 -616 0
-582 -633 0
-596 -613 0
-596 -630 0
-597 -614 0
-597 -631 0
-598 -615 0
-598 -632 0
-599 -616 0
-599 -633 0
-613 -630 0
-614 -631 0
-615 -632 0
-616 -633 0
-868 -885 0
-868 -902 0
-868 -919 0
-869 -886 0
-869 -903 0
-869 -920 0
-870 -887 0
-870 -904 0
-870 -921 0
-871 -888 0
-871 -905 0
-871 -922 0
-885 -902 0
-885 -919 0
-886 -903 0
-886 -920 0
-887 -904 0
-887 -921 0
-888 -905 0
-888 -922 0
-902 -919 0
-903 -920 0
-904 -921 0
-905 -922 0
-1 -290 0
-1 -579 0
-1 -868 0
-2 -291 0
-2 -580 0
-2 -869 0
-3 -292 0
-3 -581 0
-3 -870 0
-4 -293 0
-4 -582 0
-4 -871 0
-18 -307 0
-18 -596 0
-18 -885 0
-19 -308 0
-19 -597 0
-19 -886 0
-20 -309 0
-20 -598 0
-20 -887 0
-21 -310 0
-21 -599 0
-21 -888 0
-35 -324 0
-35 -613 0
-35 -902 0
-36 -325 0
-36 -614 0
-36 -903 0
-37 -326 0
-37 -615 0
-37 -904 0
-38 -327 0
-38 -616 0
-38 -905 0
-52 -341 0
-52 -630 0
-52 -919 0
-53 -342 0
-53 -631 0
-53 -920 0
-54 -343 0
-54 -632 0
-54 -921 0
-55 -344 0
-55 -633 0
-55 -922 0
-290 -579 0
-290 -868 0
-291 -580 0
-291 -869 0
-292 -581 0
-292 -870 0
-293 -582 0
-293 -871 0
-307 -596 0
-307 -885 0
-308 -597 0
-308 -886 0
-309 -598 0
-309 -887 0
-310 -599 0
-310 -888 0
-324 -613 0
-324 -902 0
-325 -614 0
-325 -903 0
-326 -615 0
-326 -904 0
-327 -616 0
-327 -905 0
-341 -630 0
-341 -919 0
-342 -631 0
-342 -920 0
-343 -632 0
-343 -921 0
-344 -633 0
-344 -922 0
-579 -868 0
-580 -869 0
-581 -870 0
-582 -871 0
-596 -885 0
-597 -886 0
-598 -887 0
-599 -888 0
-613 -902 0
-614 -903 0
-615 -904 0
-616 -905 0
-630 -919 0
-631 -920 0
-632 -921 0
-633 -922 0
-307 -1 0
-308 -2 0
-309 -3 0
-310 -4 0
-341 -35 0
-342 -36 0
-343 -37 0
-344 -38 0
-885 -579 0
-886 -580 0
-887 -581 0
-888 -582 0
-919 -613 0
-920 -614 0
-921 -615 0
-922 -616 0
324 0
